1
100
1000
1002
1005
1006
1007
1008
1009
1011
1013
1014
1016
1017
1018
102
1020
1021
1022
1023
1024
1026
1027
1028
1029
103
1030
1031
1032
1034
1035
1036
1038
1039
104
1040
1042
1045
1046
1048
1049
105
1050
1051
1052
1054
1055
1058
1059
106
1060
1061
1062
1063
1065
1066
1067
1068
1069
1070
1072
1073
1074
1076
1077
1079
1080
1081
1083
1084
1086
1087
1088
1089
109
1093
1094
1095
1096
1097
1099
11
110
1101
1107
1108
1109
1110
1111
1112
1113
1114
1117
1118
1119
1120
1121
1127
1128
1130
1132
1134
1135
1136
1138
1139
114
1140
1141
1142
1144
1147
1148
115
1150
1151
1152
1153
1154
1155
1157
1158
116
1160
1161
1162
1163
1164
1165
1167
1168
117
1171
1173
1174
1175
1176
1178
1180
1181
1183
1185
1186
1189
1190
1191
1192
1193
1195
1197
1199
1200
1201
1202
1205
1206
1207
1208
121
1211
1212
1213
1214
1215
1216
1217
1218
122
1221
1222
1223
1224
1225
1226
1227
1229
1230
1231
1232
1235
1236
1237
1238
1240
1243
1244
1245
1247
1248
1249
125
1250
1251
1252
1254
1256
1258
1259
126
1260
1262
1263
1264
1265
1266
1267
1268
1269
127
1270
1272
1274
1275
1276
1277
1278
1279
128
1281
1282
1286
1287
1288
1290
1291
1294
1295
1297
130
1300
1303
1305
1306
1307
1308
1309
131
1310
1311
1312
1314
1315
1316
1317
1318
1319
132
1320
1321
1322
1323
1325
1326
1328
133
1330
1331
1332
1333
1334
1335
1337
1338
1339
134
1341
1342
1343
1344
1345
1346
1347
135
1350
1353
1355
1356
1357
1358
1359
136
1360
1361
1362
1363
1364
1367
1368
137
1370
1371
1372
1374
1376
1377
1378
1379
138
1380
1381
1382
1383
1384
139
1394
1396
1397
1398
1399
140
1401
1403
1405
1406
1407
1410
1411
1413
1414
1415
1416
1417
1419
1421
1423
1424
1425
1426
1428
1429
143
1430
1432
1433
1435
1436
1439
1440
1441
1443
1444
1445
1447
1448
1450
1451
1454
1458
146
1460
1462
1463
1464
1465
1466
1467
1468
1469
147
1470
1471
1472
1473
1474
1475
1476
1477
1478
1479
1480
1482
1489
149
1491
1493
1494
1495
1497
1498
1499
15
1500
1501
1502
1503
1504
1506
1507
1509
151
1512
1513
1514
1515
1516
1517
1519
152
1520
1521
1522
1525
1526
1527
1528
1529
153
1530
1532
1533
1534
1535
1536
1537
1538
1540
1541
1542
1543
1544
1546
1547
1548
155
1552
1553
1554
1555
1557
1558
1559
156
1560
1562
1563
1564
1566
1568
1569
157
1570
1571
1572
1574
1575
1576
158
1582
1583
1584
1585
1586
1587
1588
1589
159
1590
1591
1592
1593
1594
1595
1598
1599
16
160
1600
1601
1602
1603
1604
1605
1606
1608
1609
161
1611
1612
1614
1615
1616
1617
1618
162
1620
1622
1624
1626
1627
1628
1629
163
1631
1633
1634
1635
1636
1637
1638
1639
164
1640
1642
1644
1645
1646
1647
1648
1649
165
1652
1654
1655
1656
1657
1659
166
1661
1662
1663
1664
1667
1669
167
1672
1673
1674
1675
1676
1677
1678
1679
1680
1682
1683
1684
1685
1686
1689
169
1690
1691
1692
1693
1694
1695
1696
170
1700
1702
1704
1705
1706
1707
1709
171
1710
1711
1712
1713
1714
1715
1716
1717
1719
172
1720
1721
1722
1723
1724
1725
1726
1727
1729
173
1730
1731
1732
1733
1735
1736
1737
1739
174
1741
1743
1744
1745
1746
1747
175
1750
1751
1752
1753
1754
1755
1757
176
1760
1761
1762
1763
1764
1765
1766
1767
1768
1769
177
1770
1773
1774
1775
1776
1780
1781
1782
1783
1784
1785
1786
1788
179
1790
1792
1794
1795
1796
1797
1798
1799
18
1800
1801
1802
1803
1804
1805
1807
1808
1809
181
1810
1811
1813
1814
1816
1817
1818
1819
182
1820
1821
1822
1823
1824
1827
1828
1829
183
1831
1832
1833
1836
1838
1839
184
1840
1842
1846
1848
1849
185
1852
1853
1854
1855
1856
1857
1858
1859
1860
1862
1863
1864
1865
1867
1868
1869
187
1871
1872
1873
1874
1876
1877
1879
188
1880
1881
1882
1883
1884
1885
1887
1888
1889
189
1890
1891
1892
1893
1897
1898
1899
190
1900
1901
1902
1903
1904
1905
1906
1907
1909
191
1910
1911
1912
1913
1914
1915
1916
1917
1918
192
1920
1922
1923
1924
1926
1927
1928
1929
1932
1933
1936
1937
1939
194
1940
1941
1942
1943
1944
1945
1947
1948
1949
195
1950
1951
1953
1954
1955
1956
1957
1958
1959
196
1960
1961
1963
1964
1965
1966
1967
1968
1969
197
1970
1972
1973
1975
1976
1979
198
1981
1982
1984
1985
1986
1987
199
1991
1994
1995
1997
1998
2
200
2000
2001
2004
2005
2006
2007
2008
2009
201
2011
2013
2017
2020
2021
203
205
206
207
208
209
210
213
214
215
217
218
219
220
221
222
224
225
226
227
229
23
231
232
233
234
235
236
237
238
239
24
241
243
244
247
248
249
25
250
252
253
257
258
259
26
260
261
265
266
268
269
27
270
271
272
273
276
279
28
280
281
283
284
285
286
287
289
29
290
292
294
295
296
298
299
3
30
301
302
303
304
306
307
308
309
31
310
311
312
313
314
315
316
317
319
320
321
324
325
326
327
328
329
33
331
332
333
334
336
338
339
34
340
342
343
344
345
346
350
351
353
354
355
359
360
361
362
364
365
366
367
369
370
371
372
374
375
377
378
379
38
381
382
385
386
388
389
39
391
392
394
396
397
4
40
401
402
403
404
405
406
408
41
410
414
415
417
418
419
420
421
423
424
426
427
428
429
43
430
431
433
434
436
437
439
44
441
442
443
444
446
448
449
450
451
453
454
455
456
457
458
459
46
460
461
463
464
466
467
468
469
47
470
473
474
476
478
479
480
481
482
484
485
486
487
488
489
49
490
491
492
494
495
496
497
498
5
50
503
505
506
508
51
510
512
513
514
515
516
517
518
519
52
521
524
526
528
529
53
530
531
532
533
535
537
538
539
54
540
541
542
544
546
548
549
55
550
552
553
554
556
558
559
56
560
561
563
565
566
567
569
57
572
573
574
575
576
577
579
58
581
582
585
587
588
589
59
591
592
593
594
597
598
6
60
600
601
602
604
605
606
608
61
611
612
614
615
616
617
618
619
62
621
626
627
628
629
63
631
632
633
634
635
636
637
638
64
640
641
642
643
644
645
646
647
648
649
65
650
651
652
653
655
656
657
658
659
66
660
661
663
665
669
67
672
674
675
676
677
678
679
68
680
681
682
685
686
687
688
689
69
690
691
692
693
695
696
697
698
7
70
700
701
702
703
704
705
708
709
71
710
712
713
714
715
718
719
72
720
721
722
724
726
727
728
729
730
731
733
734
736
737
738
739
74
741
742
743
744
745
746
747
748
75
750
752
753
754
756
757
758
76
761
762
763
764
768
769
77
770
771
772
774
775
777
778
779
78
780
782
784
786
788
789
79
790
795
796
797
798
799
8
80
800
801
803
805
806
807
808
811
812
814
815
816
817
818
819
820
821
824
825
826
827
828
831
832
834
835
836
839
84
840
842
843
844
845
846
847
848
849
85
850
853
854
855
856
857
858
859
86
860
861
863
865
866
867
869
87
870
871
872
873
876
877
878
88
881
882
883
884
886
888
889
890
891
892
893
894
895
896
897
898
9
90
900
902
903
904
905
907
908
909
91
910
911
912
913
914
915
916
917
918
919
92
920
921
922
924
925
926
927
928
929
93
931
932
933
934
935
936
938
94
941
946
947
948
949
952
953
955
956
96
960
962
963
964
965
966
968
969
970
971
977
978
979
980
982
985
986
989
99
991
993
995
996
997
999
